   0.0000000e+00   7.6366667e-01   1.3055000e-02   0.0000000e+00   1.9000000e-02   0.0000000e+00   1.1900000e-05   0.0000000e+00   1.8100000e-05   0.0000000e+00   0.0000000e+00   0.0000000e+00   1.4300000e-04   2.6800000e-05   0.0000000e+00   0.0000000e+00   0.0000000e+00   0.0000000e+00   0.0000000e+00   0.0000000e+00   0.0000000e+00   0.0000000e+00   5.3700000e-05   0.0000000e+00   0.0000000e+00   0.0000000e+00   0.0000000e+00   0.0000000e+00   0.0000000e+00
   7.3200000e-01   0.0000000e+00   3.9100000e-01   2.4300000e-02   1.1900000e-01   1.7500000e-04   7.9400000e-02   3.8800000e-04   3.6100000e-05   5.2800000e-06   0.0000000e+00   1.1200000e-05   3.4900000e-03   1.4500000e-03   2.2400000e-03   1.2300000e-04   3.9800000e-05   1.7800000e-03   0.0000000e+00   0.0000000e+00   1.4450000e-05   9.0400000e-05   3.4100000e-05   0.0000000e+00   0.0000000e+00   0.0000000e+00   0.0000000e+00   0.0000000e+00   0.0000000e+00
   1.2772000e-01   1.5133333e-01   0.0000000e+00   2.5600000e-01   3.8100000e-01   2.7400000e-02   3.3800000e-01   1.3600000e-03   3.0100000e-03   2.6400000e-06   0.0000000e+00   2.2400000e-05   1.2100000e-02   3.6600000e-04   0.0000000e+00   1.1000000e-04   0.0000000e+00   8.5500000e-05   0.0000000e+00   7.7300000e-06   0.0000000e+00   0.0000000e+00   0.0000000e+00   0.0000000e+00   0.0000000e+00   0.0000000e+00   0.0000000e+00   0.0000000e+00   0.0000000e+00
   2.7024000e-02   3.2733333e-03   2.3800000e-01   0.0000000e+00   3.8200000e-02   1.3800000e-01   3.3800000e-04   1.6600000e-04   2.3000000e-03   5.2800000e-06   0.0000000e+00   0.0000000e+00   1.4700000e-03   0.0000000e+00   1.6600000e-05   0.0000000e+00   0.0000000e+00   7.7700000e-06   0.0000000e+00   0.0000000e+00   0.0000000e+00   4.5200000e-05   0.0000000e+00   0.0000000e+00   0.0000000e+00   0.0000000e+00   0.0000000e+00   0.0000000e+00   0.0000000e+00
   5.8840000e-02   3.5733333e-02   8.4500000e-02   2.4400000e-02   0.0000000e+00   1.5000000e-05   1.6200000e-01   7.2000000e-04   5.4200000e-05   1.3200000e-05   4.3000000e-05   0.0000000e+00   2.0300000e-02   9.1400000e-04   1.6600000e-05   6.8700000e-04   1.7000000e-03   2.2500000e-04   0.0000000e+00   0.0000000e+00   0.0000000e+00   0.0000000e+00   0.0000000e+00   0.0000000e+00   8.7600000e-06   0.0000000e+00   0.0000000e+00   0.0000000e+00   0.0000000e+00
   3.6300000e-03   1.0536667e-03   7.4850000e-02   2.3100000e-01   1.3600000e-02   0.0000000e+00   1.2200000e-03   7.8900000e-04   2.7200000e-03   9.2700000e-04   1.5000000e-04   0.0000000e+00   1.4300000e-04   5.9600000e-06   6.6400000e-05   4.9100000e-05   0.0000000e+00   0.0000000e+00   1.0500000e-04   0.0000000e+00   1.2133333e-05   0.0000000e+00   3.9000000e-05   0.0000000e+00   0.0000000e+00   0.0000000e+00   0.0000000e+00   0.0000000e+00   0.0000000e+00
   4.9060000e-04   4.2123333e-04   9.7400000e-05   1.1700000e-03   1.4600000e-02   8.0200000e-05   0.0000000e+00   1.9400000e-04   2.0500000e-02   3.7000000e-05   0.0000000e+00   5.5900000e-05   5.2100000e-04   1.3400000e-02   2.5700000e-04   2.0800000e-04   0.0000000e+00   4.6600000e-05   0.0000000e+00   1.0400000e-04   1.4983667e-04   0.0000000e+00   0.0000000e+00   0.0000000e+00   0.0000000e+00   0.0000000e+00   0.0000000e+00   0.0000000e+00   0.0000000e+00
   1.6520000e-03   8.7400000e-05   1.0775000e-04   1.9200000e-05   1.7800000e-03   5.0100000e-06   3.6200000e-04   0.0000000e+00   1.3100000e-02   2.9300000e-02   2.3900000e-01   6.1800000e-02   1.2100000e-02   1.1700000e-02   4.4400000e-03   3.4000000e-02   9.8900000e-03   2.5600000e-02   9.8300000e-04   5.4100000e-05   4.6575000e-03   1.8400000e-03   4.8800000e-06   0.0000000e+00   3.7700000e-04   1.5200000e-04   0.0000000e+00   0.0000000e+00   9.0000000e-05
   0.0000000e+00   0.0000000e+00   1.0490000e-04   4.6200000e-04   4.5300000e-04   2.0200000e-03   1.1800000e-01   1.4100000e-03   0.0000000e+00   1.8800000e-04   0.0000000e+00   2.2400000e-05   1.5100000e-03   7.8500000e-02   5.1500000e-04   1.6400000e-03   3.9700000e-01   7.3100000e-04   2.2300000e-02   8.8800000e-04   2.2364000e-04   2.1200000e-03   7.3200000e-05   1.5100000e-01   8.3300000e-03   7.9600000e-03   1.6900000e-05   5.6900000e-06   3.6000000e-04
   3.2266667e-05   2.6700000e-05   2.4250000e-04   1.3100000e-03   2.4300000e-04   4.2900000e-04   7.9500000e-06   1.4700000e-02   2.7900000e-03   0.0000000e+00   2.2100000e-02   6.9600000e-02   1.4000000e-03   5.9600000e-05   6.1400000e-04   1.4700000e-03   1.5900000e-04   1.5200000e-04   2.9000000e-04   1.9100000e-02   3.4775000e-02   6.5800000e-03   3.9000000e-05   0.0000000e+00   4.3800000e-05   2.7700000e-05   0.0000000e+00   0.0000000e+00   0.0000000e+00
   4.3240000e-04   6.9300000e-05   2.3235000e-04   1.2800000e-04   2.1700000e-04   2.5100000e-05   4.7700000e-05   4.1900000e-01   4.1300000e-02   2.3300000e-01   0.0000000e+00   2.8900000e-01   5.7500000e-03   8.9300000e-05   1.3200000e-02   1.4400000e-02   7.9500000e-05   6.5000000e-03   7.3700000e-04   1.4400000e-02   2.0550000e-02   1.1700000e-02   1.9500000e-05   2.0100000e-03   4.4700000e-04   4.1500000e-05   0.0000000e+00   0.0000000e+00   0.0000000e+00
   0.0000000e+00   0.0000000e+00   0.0000000e+00   5.1300000e-05   1.7900000e-05   6.0100000e-05   0.0000000e+00   1.9900000e-02   0.0000000e+00   1.9400000e-01   3.1500000e-01   0.0000000e+00   9.8100000e-04   5.9600000e-06   4.6500000e-04   1.1900000e-03   0.0000000e+00   5.3600000e-04   1.1700000e-05   3.5200000e-04   2.6275000e-02   2.5500000e-03   3.9000000e-05   0.0000000e+00   6.1300000e-05   0.0000000e+00   0.0000000e+00   0.0000000e+00   0.0000000e+00
   2.1480000e-04   1.0913333e-04   2.4200000e-03   6.0800000e-03   2.2800000e-03   4.5900000e-03   0.0000000e+00   4.8400000e-04   3.6100000e-04   4.7500000e-05   0.0000000e+00   2.8000000e-06   0.0000000e+00   5.7800000e-04   6.6400000e-05   1.8500000e-01   0.0000000e+00   1.4700000e-02   3.0800000e-03   9.3500000e-04   4.3785000e-04   3.1900000e-03   8.8300000e-04   0.0000000e+00   1.7500000e-05   8.3100000e-05   0.0000000e+00   0.0000000e+00   0.0000000e+00
   0.0000000e+00   0.0000000e+00   0.0000000e+00   5.1300000e-05   0.0000000e+00   0.0000000e+00   2.3500000e-04   4.1500000e-05   2.1100000e-02   0.0000000e+00   0.0000000e+00   2.1300000e-04   1.0200000e-04   0.0000000e+00   7.4700000e-04   5.1500000e-04   1.8600000e-02   3.4500000e-02   7.7800000e-04   2.6500000e-03   0.0000000e+00   5.6300000e-03   4.8800000e-06   1.8200000e-03   7.4700000e-03   1.9500000e-02   0.0000000e+00   0.0000000e+00   0.0000000e+00
   0.0000000e+00   0.0000000e+00   0.0000000e+00   1.2800000e-05   0.0000000e+00   1.5000000e-05   7.5500000e-04   6.8700000e-03   1.4600000e-02   9.7500000e-03   3.6200000e-03   4.1200000e-03   3.9100000e-02   4.2900000e-03   0.0000000e+00   1.1200000e-01   0.0000000e+00   1.9600000e-01   3.8500000e-02   3.9900000e-02   1.8675000e-01   9.0400000e-04   9.7600000e-05   1.8800000e-04   0.0000000e+00   4.8500000e-04   1.1300000e-05   1.1400000e-05   0.0000000e+00
   0.0000000e+00   3.7050000e-05   0.0000000e+00   0.0000000e+00   6.2800000e-04   2.5100000e-05   1.9000000e-03   6.8800000e-03   1.9400000e-02   3.4300000e-04   4.3000000e-05   4.3600000e-04   4.1500000e-01   1.8600000e-02   3.1600000e-02   0.0000000e+00   1.8600000e-04   2.2200000e-01   3.4700000e-02   4.9100000e-02   5.7150000e-03   3.8600000e-02   4.3900000e-05   0.0000000e+00   2.5400000e-04   2.7700000e-05   0.0000000e+00   0.0000000e+00   4.5000000e-05
   0.0000000e+00   0.0000000e+00   0.0000000e+00   2.5700000e-05   0.0000000e+00   0.0000000e+00   0.0000000e+00   2.2100000e-04   5.5100000e-04   0.0000000e+00   0.0000000e+00   0.0000000e+00   3.0600000e-05   5.9600000e-06   0.0000000e+00   7.8500000e-04   0.0000000e+00   1.1100000e-03   1.9500000e-02   0.0000000e+00   0.0000000e+00   5.6500000e-05   7.7200000e-02   1.1400000e-02   5.2500000e-05   4.3200000e-03   1.0600000e-03   2.0300000e-03   0.0000000e+00
   0.0000000e+00   0.0000000e+00   7.2400000e-06   2.5700000e-05   5.9600000e-06   0.0000000e+00   7.8300000e-04   2.2400000e-03   2.2700000e-03   9.9100000e-05   2.0400000e-04   4.0700000e-03   1.0300000e-02   2.1600000e-02   6.0400000e-01   3.7800000e-02   2.5200000e-04   0.0000000e+00   1.4600000e-02   8.7000000e-02   1.1222000e-02   2.5100000e-02   3.4100000e-05   0.0000000e+00   1.6600000e-04   5.1100000e-03   0.0000000e+00   0.0000000e+00   0.0000000e+00
   0.0000000e+00   0.0000000e+00   3.2100000e-05   3.9100000e-04   3.8700000e-05   1.4200000e-03   0.0000000e+00   0.0000000e+00   3.8000000e-03   5.2200000e-04   0.0000000e+00   0.0000000e+00   2.4900000e-02   1.2400000e-03   1.1600000e-04   9.2500000e-02   1.2700000e-02   1.6800000e-02   0.0000000e+00   1.4700000e-04   3.1066667e-05   3.8300000e-03   2.8400000e-03   0.0000000e+00   2.5400000e-04   7.4800000e-04   2.0100000e-02   1.0400000e-02   0.0000000e+00
   0.0000000e+00   0.0000000e+00   0.0000000e+00   1.2800000e-05   0.0000000e+00   0.0000000e+00   1.1200000e-03   8.0300000e-04   7.5200000e-03   5.8100000e-04   2.1500000e-04   8.9800000e-04   2.0600000e-02   3.8400000e-02   3.9200000e-02   1.7100000e-02   0.0000000e+00   7.1000000e-02   1.6500000e-02   0.0000000e+00   1.8900000e-02   1.0300000e-01   4.3900000e-05   0.0000000e+00   1.3100000e-04   4.2900000e-02   0.0000000e+00   0.0000000e+00   3.6000000e-04
   0.0000000e+00   0.0000000e+00   0.0000000e+00   0.0000000e+00   0.0000000e+00   0.0000000e+00   0.0000000e+00   1.4300000e-03   0.0000000e+00   3.2300000e-02   2.4000000e-02   8.7300000e-03   5.3100000e-04   0.0000000e+00   7.5100000e-02   2.1100000e-03   0.0000000e+00   7.8900000e-03   2.4000000e-04   1.3200000e-01   0.0000000e+00   1.4900000e-03   9.2700000e-05   0.0000000e+00   0.0000000e+00   1.5200000e-04   0.0000000e+00   0.0000000e+00   0.0000000e+00
   0.0000000e+00   0.0000000e+00   0.0000000e+00   4.4900000e-05   0.0000000e+00   0.0000000e+00   5.6800000e-04   7.4700000e-04   9.0300000e-05   5.0200000e-05   8.6000000e-05   1.3100000e-04   2.6100000e-02   1.3400000e-02   7.3700000e-03   1.0800000e-01   0.0000000e+00   5.5400000e-02   8.7500000e-03   1.5100000e-01   2.0187500e-03   0.0000000e+00   3.9000000e-05   3.1400000e-04   2.4300000e-02   8.0500000e-02   0.0000000e+00   0.0000000e+00   3.3400000e-03
   0.0000000e+00   0.0000000e+00   0.0000000e+00   3.8500000e-05   2.9800000e-06   7.5200000e-06   1.5900000e-05   1.0100000e-03   1.3100000e-03   0.0000000e+00   0.0000000e+00   0.0000000e+00   1.2700000e-02   2.9800000e-05   4.9800000e-05   7.0300000e-03   3.6600000e-02   6.3700000e-04   1.8000000e-02   7.7300000e-06   2.2450000e-05   2.1400000e-03   0.0000000e+00   6.8400000e-03   4.1900000e-02   2.2100000e-02   3.1700000e-01   1.4200000e-01   9.0000000e-03
   0.0000000e+00   0.0000000e+00   0.0000000e+00   2.5700000e-05   0.0000000e+00   0.0000000e+00   0.0000000e+00   2.7700000e-05   1.0200000e-02   0.0000000e+00   0.0000000e+00   0.0000000e+00   6.1300000e-05   7.1100000e-03   0.0000000e+00   8.5800000e-05   2.1800000e-02   9.7200000e-04   7.0200000e-05   0.0000000e+00   0.0000000e+00   2.2600000e-05   9.7600000e-05   0.0000000e+00   1.8800000e-02   2.5600000e-02   0.0000000e+00   0.0000000e+00   1.0900000e-01
   0.0000000e+00   0.0000000e+00   0.0000000e+00   6.4100000e-06   5.9600000e-06   0.0000000e+00   1.5400000e-03   0.0000000e+00   7.4900000e-03   1.5800000e-05   0.0000000e+00   0.0000000e+00   1.9000000e-02   3.1700000e-02   1.3300000e-04   2.1600000e-02   2.9300000e-03   2.2300000e-02   5.1700000e-03   8.5000000e-05   6.5175000e-05   9.7200000e-02   1.2000000e-03   1.1800000e-01   0.0000000e+00   4.9100000e-02   1.1300000e-05   0.0000000e+00   4.0200000e-01
   0.0000000e+00   0.0000000e+00   0.0000000e+00   0.0000000e+00   0.0000000e+00   0.0000000e+00   2.7800000e-05   1.3800000e-05   0.0000000e+00   2.6400000e-04   1.4000000e-04   1.0900000e-04   2.4200000e-03   1.6500000e-03   3.0400000e-03   2.3900000e-03   3.9800000e-05   3.0400000e-03   6.8800000e-03   9.3700000e-02   6.4250000e-03   9.3200000e-02   8.5100000e-03   0.0000000e+00   3.1200000e-02   0.0000000e+00   2.5100000e-03   2.3900000e-04   4.3200000e-03
   0.0000000e+00   0.0000000e+00   0.0000000e+00   1.2800000e-05   2.9800000e-06   0.0000000e+00   0.0000000e+00   0.0000000e+00   0.0000000e+00   0.0000000e+00   0.0000000e+00   8.3900000e-06   1.7500000e-03   0.0000000e+00   0.0000000e+00   5.7600000e-04   6.6300000e-04   3.3000000e-04   9.2100000e-03   0.0000000e+00   0.0000000e+00   1.8100000e-04   4.5500000e-02   0.0000000e+00   7.8800000e-05   2.2000000e-03   0.0000000e+00   4.2400000e-02   3.6000000e-04
   0.0000000e+00   0.0000000e+00   0.0000000e+00   3.8500000e-05   2.3800000e-05   0.0000000e+00   0.0000000e+00   6.9200000e-05   1.8100000e-05   0.0000000e+00   0.0000000e+00   0.0000000e+00   2.3500000e-04   1.1900000e-05   1.6600000e-05   4.9100000e-05   3.0800000e-03   4.6600000e-05   1.8100000e-03   0.0000000e+00   0.0000000e+00   0.0000000e+00   2.0300000e-01   3.6300000e-02   0.0000000e+00   2.2400000e-03   2.7900000e-02   0.0000000e+00   1.2500000e-01
   0.0000000e+00   0.0000000e+00   0.0000000e+00   0.0000000e+00   2.9800000e-06   0.0000000e+00   0.0000000e+00   0.0000000e+00   1.6300000e-04   1.0600000e-05   0.0000000e+00   0.0000000e+00   1.8500000e-03   3.0700000e-04   6.6400000e-05   8.5800000e-04   9.4100000e-04   5.4400000e-05   5.8500000e-05   7.7300000e-06   6.2300000e-06   2.9400000e-04   4.3000000e-03   3.3700000e-01   1.6300000e-01   1.1200000e-02   6.7600000e-05   4.3200000e-04   0.0000000e+00
